-1.507651805877685547e-02
-1.544017251580953598e-02
-6.621703971177339554e-03
5.430090799927711487e-02
-6.092740595340728760e-02
-5.905128270387649536e-02
1.937700062990188599e-01
0.000000000000000000e+00
-2.088151127099990845e-02
-2.034508436918258667e-02
3.262206539511680603e-02
-2.292651683092117310e-02
1.285770982503890991e-01
-1.836006157100200653e-02
-6.869404762983322144e-02
-2.146000228822231293e-02
-6.810028105974197388e-02
-5.889850668609142303e-03
-5.535082891583442688e-03
-4.573255777359008789e-01
-2.155332267284393311e-02
-1.961838304996490479e-01
3.324499726295471191e-02
-1.602704823017120361e-02
-3.292338550090789795e-02
-9.083172306418418884e-03
-4.809331521391868591e-02
-5.268322769552469254e-03
-9.024018794298171997e-02
-4.113327339291572571e-02
3.406908735632896423e-02
-2.471984326839447021e-01
-1.170675158500671387e-01
-6.533859670162200928e-02
-1.627904362976551056e-02
1.302353739738464355e-01
-2.190178819000720978e-02
4.602584522217512131e-04
-4.193101078271865845e-03
1.034171134233474731e-01
-6.984093226492404938e-03
-4.758623987436294556e-02
-2.793500572443008423e-02
-6.136604584753513336e-03
1.526890546083450317e-01
-1.583007909357547760e-02
-2.261141315102577209e-02
-2.198450565338134766e-01
-2.461724169552326202e-02
1.132638826966285706e-01
8.522252552211284637e-03
-1.151674333959817886e-02
-7.122818380594253540e-03
-6.100167054682970047e-03
-2.544026449322700500e-02
5.183486938476562500e-01
-6.489980965852737427e-02
-4.010115191340446472e-02
-1.440424658358097076e-02
-2.597966464236378670e-03
-7.282386999577283859e-03
-1.125623509287834167e-01
-8.634342253208160400e-02
-1.976509094238281250e-01
4.221027344465255737e-02
-3.746772930026054382e-02
-1.308657228946685791e-02
-4.243324324488639832e-02
-2.513933554291725159e-02
7.417885214090347290e-02
-7.855393923819065094e-03
1.256076339632272720e-02
4.942846018821001053e-03
8.576295524835586548e-02
-7.452946621924638748e-03
-3.471396490931510925e-02
-6.238410249352455139e-02
-9.649173356592655182e-03
-1.523700654506683350e-01
-2.035791054368019104e-02
-4.742373526096343994e-02
8.434908837080001831e-02
3.448561131954193115e-01
-2.775516360998153687e-02
-1.887968927621841431e-02
0.000000000000000000e+00
-1.070579141378402710e-02
-1.828208193182945251e-02
-1.074042636901140213e-02
-2.222237363457679749e-02
-1.177469547837972641e-02
4.849139973521232605e-02
-1.750061661005020142e-01
-1.157526597380638123e-01
-8.867468684911727905e-03
1.755143105983734131e-01
-6.199173163622617722e-03
-1.265051662921905518e-01
-3.341457992792129517e-02
-1.175629068166017532e-02
-1.761507615447044373e-02
-4.738745745271444321e-03
-5.424945615231990814e-03
-2.378413453698158264e-02
-1.631416752934455872e-02
9.303977340459823608e-02
-5.690803751349449158e-02
-1.010013278573751450e-02
2.425136230885982513e-02
-9.413495659828186035e-03
-3.903806209564208984e-02
-2.555027231574058533e-02
3.534001484513282776e-02
-3.196567296981811523e-02
-8.920428156852722168e-02
-1.000252924859523773e-02
2.774195969104766846e-01
1.833977401256561279e-01
-2.188141494989395142e-01
-5.064048618078231812e-02
2.003696374595165253e-02
1.045440509915351868e-01
-1.440784987062215805e-02
-2.029973082244396210e-02
-3.758219629526138306e-02
-8.374840952455997467e-03
-1.318326313048601151e-02
-4.220020025968551636e-02
-2.313597127795219421e-03
-6.799583137035369873e-02
-1.107128430157899857e-02
-3.920749761164188385e-03
-9.089021012187004089e-03
-1.459075487218797207e-03
-1.512730866670608521e-02
-7.189203519374132156e-03
-1.536224931478500366e-01
-9.661246836185455322e-02
-6.518630683422088623e-02
-1.247930005192756653e-01
-1.875108294188976288e-02
-1.342925708740949631e-02
-3.473633900284767151e-03
-1.861328445374965668e-02
-2.013055607676506042e-02
-1.342043559998273849e-02
-7.808460388332605362e-03
-2.545438893139362335e-02
-2.203370444476604462e-02
-1.371389329433441162e-01
-3.464288637042045593e-02
-3.978252410888671875e-02
1.257352065294981003e-02
-1.207541674375534058e-02
-8.012960664927959442e-03
-2.009196765720844269e-02
1.503933779895305634e-02
-7.835644297301769257e-03
-8.222690783441066742e-03
1.785481870174407959e-01
4.324791580438613892e-02
-3.922401964664459229e-01
-1.059021130204200745e-01
1.698411814868450165e-02
-9.354467503726482391e-03
-6.869265343993902206e-03
-5.632322654128074646e-02
-5.076787993311882019e-02
1.302492320537567139e-01
-2.219913527369499207e-02
-1.438473071902990341e-02
-1.638349145650863647e-02
-1.513674855232238770e-01
-2.620652131736278534e-02
-1.529378145933151245e-01
3.767062444239854813e-03
-3.008043579757213593e-02
-4.418553318828344345e-03
-6.490487139672040939e-03
-6.972106639295816422e-03
2.932043932378292084e-02
-2.873213589191436768e-02
-1.318186707794666290e-02
-5.529136862605810165e-03
-6.686456501483917236e-02
4.635396972298622131e-02
-4.631714522838592529e-02
-5.090339854359626770e-02
-1.940453611314296722e-02
-7.171967998147010803e-03
-4.837756976485252380e-03
4.155171290040016174e-02
0.000000000000000000e+00
-5.319028627127408981e-03
-8.482035249471664429e-03
-7.357368245720863342e-03
5.774294584989547729e-02
-3.734447807073593140e-02
-3.432722529396414757e-03
2.038729935884475708e-01
-5.708438809961080551e-03
-4.632678627967834473e-02
-3.635522723197937012e-02
0.000000000000000000e+00
-5.787901114672422409e-03
-2.071819454431533813e-02
-1.607952415943145752e-01
-4.069683607667684555e-03
-9.347125887870788574e-02
-6.259780842810869217e-03
-5.614034831523895264e-03
-1.567960716784000397e-02
-2.602019719779491425e-02
1.208364292979240417e-01
-9.808095172047615051e-03
-1.834869533777236938e-01
-1.373698934912681580e-02
-4.491082578897476196e-02
-8.471360430121421814e-03
-7.783256005495786667e-03
-1.313670445233583450e-02
-5.234006326645612717e-03
-1.057604327797889709e-02
-9.040451049804687500e-02
-1.145411655306816101e-02
8.208333514630794525e-03
2.266934141516685486e-02
-2.232878934592008591e-03
4.902220070362091064e-01
2.003214061260223389e-01
-2.759069576859474182e-02
-1.794149912893772125e-02
1.746659912168979645e-02
-4.369731526821851730e-03
-6.129868701100349426e-02
0.000000000000000000e+00
-2.006730437278747559e-02
-1.401722338050603867e-02
-1.197678130120038986e-02
-1.918465830385684967e-02
-2.468720264732837677e-02
-1.404074672609567642e-02
-1.186610292643308640e-02
-1.403911113739013672e-01
-6.571200489997863770e-02
-3.517470136284828186e-02
-1.975640840828418732e-02
-1.596044749021530151e-02
-4.946628119796514511e-03
2.339158020913600922e-02
-7.100738584995269775e-03
-7.232231087982654572e-03
-1.524606812745332718e-02
3.250636756420135498e-01
-7.123707979917526245e-02
-1.212291326373815536e-02
1.910350918769836426e-01
-7.339287549257278442e-03
-1.436470896005630493e-01
-2.259388379752635956e-02
-3.187474608421325684e-02
1.002760231494903564e-02
2.169459313154220581e-02
-1.041643880307674408e-02
1.464696973562240601e-01
-3.572584688663482666e-02
-1.930279284715652466e-01
-8.936814032495021820e-03
-9.557916224002838135e-02
-1.069434080272912979e-02
-2.213775180280208588e-02
2.880132757127285004e-03
-1.528980582952499390e-01
2.147516608238220215e-02
-6.184956990182399750e-03
-2.470107227563858032e-01
-1.134591270238161087e-02
-1.606009453535079956e-01
-1.319820731878280640e-01
1.761143952608108521e-01
-1.133133471012115479e-01
-2.956566400825977325e-02
-3.267868459224700928e-01
-1.789525896310806274e-02
-2.215741127729415894e-01
-4.912339895963668823e-02
-3.183437138795852661e-02
-8.779544383287429810e-03
-1.803018338978290558e-02
-9.195792488753795624e-03
-2.146402373909950256e-03
-5.530687980353832245e-03
-7.423251401633024216e-03
-1.827796250581741333e-01
7.901808619499206543e-02
-5.892537906765937805e-02
-7.014470547437667847e-02
-1.521408557891845703e-01
-1.138876564800739288e-02
-3.751543909311294556e-02
-1.939055696129798889e-02
1.113559082150459290e-01
0.000000000000000000e+00
-2.417610585689544678e-02
-5.344709381461143494e-02
-5.463451612740755081e-03
-1.452334411442279816e-02
-5.214719101786613464e-02
-7.461666129529476166e-03
-8.644211292266845703e-02
-3.251631185412406921e-02
1.567309647798538208e-01
-1.038177087903022766e-01
-8.119605481624603271e-03
-2.801329083740711212e-02
-4.698288813233375549e-02
-6.672810763120651245e-03
2.100050896406173706e-01
2.357948869466781616e-01
-9.493991732597351074e-02
-7.739243563264608383e-03
-3.534225001931190491e-02
1.066871583461761475e-01
-1.907536089420318604e-01
1.857989653944969177e-02
8.956701308488845825e-02
-1.026790775358676910e-02
0.000000000000000000e+00
-7.063947618007659912e-03
-5.312121356837451458e-04
2.865914441645145416e-02
-1.820715889334678650e-02
-1.261588372290134430e-02
-7.562067359685897827e-03
-3.213459998369216919e-02
1.697194427251815796e-01
-9.205437265336513519e-03
-7.912202738225460052e-03
-2.401933819055557251e-01
6.406795978546142578e-02
-8.773466572165489197e-03
-2.696450985968112946e-02
-2.731880247592926025e-01
-9.594848379492759705e-03
-3.076028777286410332e-03
-1.113188080489635468e-02
-5.400501540862023830e-04
7.463036105036735535e-03
-7.732156664133071899e-02
-1.578862033784389496e-02
-1.762677729129791260e-01
4.652475118637084961e-01
1.679917424917221069e-01
-1.045925263315439224e-02
4.417601600289344788e-02
-4.111812915652990341e-03
-3.584101051092147827e-02
-1.005686447024345398e-01
-1.538536045700311661e-02
-4.410102218389511108e-02
-2.748484909534454346e-02
6.906175613403320312e-02
1.728858500719070435e-01
-4.649234469980001450e-03
-5.292524117976427078e-03
-1.660615578293800354e-02
-4.873505607247352600e-02
-4.885924514383077621e-03
-2.931243926286697388e-02
-1.834537833929061890e-02
-1.896434277296066284e-01
1.651429943740367889e-02
-1.085785254836082458e-01
1.867510676383972168e-01
0.000000000000000000e+00
-9.472850710153579712e-03
-2.385061979293823242e-01
-1.483027450740337372e-02
-1.238052845001220703e-01
-1.371343992650508881e-02
-2.438252419233322144e-02
-4.632197320461273193e-02
6.774277240037918091e-02
0.000000000000000000e+00
-1.067493855953216553e-01
1.860183328390121460e-01
2.303681969642639160e-01
-9.608480148017406464e-03
1.502717435359954834e-01
-1.240193378180265427e-02
2.678521573543548584e-01
-6.211765110492706299e-03
-2.049528360366821289e-01
-2.336719632148742676e-02
-2.423746287822723389e-01
-4.850930068641901016e-03
-3.260755538940429688e-02
-2.129288576543331146e-02
-3.386605679988861084e-01
-3.079187311232089996e-02
-3.252414241433143616e-02
3.024345077574253082e-02
1.572640985250473022e-01
1.002432927489280701e-01
-5.436384119093418121e-03
-1.016952190548181534e-02
-9.582221508026123047e-03
8.498685061931610107e-02
-2.829166874289512634e-02
1.843581534922122955e-02
1.630162894725799561e-01
6.212269142270088196e-02
-5.015799310058355331e-03
-2.995545566082000732e-01
-1.028572395443916321e-02
-1.611441187560558319e-02
-2.632879279553890228e-02
3.892568647861480713e-01
2.140110284090042114e-01
-7.046676240861415863e-03
-1.493665389716625214e-02
-7.922799140214920044e-02
1.236677393317222595e-01
1.085626631975173950e-01
-1.576089859008789062e-02
-3.476840630173683167e-02
-1.142979972064495087e-02
1.245898380875587463e-01
-7.877558469772338867e-02
-1.098118424415588379e-01
-7.132882252335548401e-03
-1.398632209748029709e-02
-7.603623904287815094e-03
3.382294671609997749e-03
-2.308950275182723999e-01
-2.134253270924091339e-02
-3.145795315504074097e-02
-1.879516988992691040e-02
3.781034797430038452e-02
-3.256835415959358215e-02
-1.041572690010070801e-01
-8.314274251461029053e-02
1.698751151561737061e-01
-1.528086662292480469e-01
-2.989474833011627197e-01
2.734053507447242737e-02
-1.426617801189422607e-01
-4.551819525659084320e-03
-3.447558730840682983e-02
-1.583229191601276398e-02
-1.361918747425079346e-01
-5.455415695905685425e-03
-8.070090785622596741e-03
-1.150282919406890869e-01
-4.778932034969329834e-02
-1.471918672323226929e-01
-2.944611711427569389e-03
-1.168627385050058365e-02
1.370459794998168945e-01
0.000000000000000000e+00
-5.942797753959894180e-03
4.517042543739080429e-03
-1.963705942034721375e-02
-8.928844705224037170e-03
1.469414979219436646e-01
-1.349953468888998032e-02
-4.933811724185943604e-02
-1.128013655543327332e-01
5.782626867294311523e-01
-1.447812747210264206e-02
2.475276440382003784e-01
-6.467557977885007858e-03
-6.116938218474388123e-02
-8.190853521227836609e-03
2.702652011066675186e-03
-9.227520972490310669e-02
-7.392747327685356140e-03
-7.701556384563446045e-02
3.844919055700302124e-02
-1.416792571544647217e-01
0.000000000000000000e+00
-3.466650471091270447e-02
-1.179459318518638611e-01
-6.070314720273017883e-02
-6.227375939488410950e-02
-7.173829525709152222e-02
-3.995678201317787170e-02
-7.056798040866851807e-02
-4.587353020906448364e-02
-3.030551373958587646e-01
-3.513278812170028687e-02
-6.233379710465669632e-03
-3.056963719427585602e-02
-7.486807648092508316e-03
5.439040809869766235e-02
-2.206140756607055664e-02
-7.056199312210083008e-01
-3.341922536492347717e-02
-6.646491587162017822e-03
-2.122246623039245605e-01
2.177119702100753784e-01
3.607676178216934204e-02
-8.188428357243537903e-03
-1.238967385143041611e-02
-2.847534231841564178e-02
-2.874942682683467865e-02
2.092270404100418091e-01
-2.905018627643585205e-02
-5.953627172857522964e-03
1.548106372356414795e-01
-9.371669031679630280e-03
-1.939810253679752350e-02
