3.400034457445144653e-02
1.278237160295248032e-02
-8.731126785278320312e-02
-3.031935170292854309e-02
4.667394608259201050e-02
-1.197296194732189178e-02
-6.084786728024482727e-04
-4.768856987357139587e-02
5.021395906805992126e-02
-5.605290085077285767e-02
-8.800399303436279297e-02
-1.436338294297456741e-02
-5.663637444376945496e-02
-7.086315751075744629e-02
-1.895912885665893555e-01
-1.360489428043365479e-01
8.421754837036132812e-02
-6.839026510715484619e-02
-1.402984838932752609e-03
-5.197761207818984985e-02
5.168657004833221436e-02
-8.264739811420440674e-02
-2.006798982620239258e-01
-3.839462995529174805e-02
-7.688879966735839844e-02
-6.063701584935188293e-02
-1.612287163734436035e-01
-5.069283023476600647e-02
-5.800624191761016846e-02
-1.274946182966232300e-01
-1.528969556093215942e-01
-5.004581436514854431e-02
-5.345880985260009766e-02
-3.361746296286582947e-02
-5.609348788857460022e-02
-2.727978862822055817e-04
-1.099088415503501892e-02
-1.018250826746225357e-02
-1.216666847467422485e-01
-5.599003657698631287e-02
-6.630738079547882080e-02
-2.396886795759201050e-02
-1.374121308326721191e-01
-5.084374547004699707e-02
-5.458616465330123901e-02
9.165447205305099487e-03
-3.597150370478630066e-02
-3.358324244618415833e-02
-1.733732968568801880e-01
-1.564285904169082642e-01
1.573617756366729736e-01
-6.876692920923233032e-02
-5.314794927835464478e-02
2.204630523920059204e-02
-7.500564306974411011e-02
2.372207492589950562e-02
5.648714676499366760e-02
4.945524036884307861e-03
-1.221284940838813782e-01
-4.916937649250030518e-02
3.681829571723937988e-02
-2.033359110355377197e-01
8.270850032567977905e-02
-7.374715059995651245e-02
-1.717583239078521729e-01
1.458238214254379272e-01
-5.950736254453659058e-02
-2.794034034013748169e-02
7.953706383705139160e-02
1.016157642006874084e-01
-5.645365640521049500e-02
-1.244134083390235901e-01
-6.959651410579681396e-02
1.022182479500770569e-01
-1.215300112962722778e-01
-5.579802393913269043e-02
-5.575606971979141235e-02
-5.819774232804775238e-03
7.386363297700881958e-02
-4.543132707476615906e-02
-1.700900644063949585e-01
-6.517996639013290405e-02
-4.934767726808786392e-03
-1.892431229352951050e-01
-4.797953739762306213e-02
3.253634274005889893e-02
1.068765968084335327e-01
-1.932585239410400391e-02
-2.399966493248939514e-02
-5.540416389703750610e-02
4.995601251721382141e-02
-3.158409148454666138e-02
5.245501175522804260e-02
1.136806160211563110e-01
-5.917469039559364319e-02
-1.949807852506637573e-01
-7.004264742136001587e-02
-1.147873923182487488e-01
9.029638767242431641e-02
-7.002687454223632812e-02
-1.096148118376731873e-01
-4.488392919301986694e-02
-5.193435773253440857e-02
-3.634026646614074707e-02
8.803762495517730713e-02
-1.395349502563476562e-01
-2.905278839170932770e-02
-2.074371092021465302e-02
-7.881645858287811279e-02
-2.371084503829479218e-02
-1.579450219869613647e-01
8.153165131807327271e-02
-5.102394893765449524e-02
-1.095092669129371643e-01
1.336960792541503906e-01
4.794116597622632980e-03
-4.550766944885253906e-02
-3.632233664393424988e-02
-1.991824805736541748e-01
-9.415347129106521606e-02
1.206812914460897446e-03
1.472026705741882324e-01
3.767587244510650635e-02
-2.970691770315170288e-02
-6.342446058988571167e-02
2.951223403215408325e-02
-1.288626343011856079e-01
2.428845316171646118e-02
3.351815417408943176e-02
7.599104940891265869e-02
-1.845603138208389282e-01
-7.169250398874282837e-02
-3.315324708819389343e-02
-3.684767335653305054e-02
-5.410884693264961243e-02
-3.950302302837371826e-02
-1.450339108705520630e-01
-9.099239856004714966e-02
2.211386337876319885e-02
2.410735469311475754e-04
-1.311451941728591919e-01
-1.029846370220184326e-01
-7.941816933453083038e-03
-1.025480777025222778e-01
4.463833943009376526e-02
-4.280486702919006348e-02
-8.503527380526065826e-03
-1.212303712964057922e-01
-5.238242819905281067e-02
-3.950421884655952454e-02
1.659353077411651611e-02
7.049592584371566772e-02
-2.952919714152812958e-02
-9.257500991225242615e-03
-3.321626782417297363e-02
-4.385231807827949524e-02
-3.708726912736892700e-02
6.060171127319335938e-02
-2.666848897933959961e-02
-1.001720950007438660e-01
-1.636701524257659912e-01
-1.865015178918838501e-01
5.846083536744117737e-02
4.102700948715209961e-02
-1.784206032752990723e-01
-6.230813264846801758e-02
4.367469623684883118e-02
-3.304735990241169930e-03
-4.738927260041236877e-02
-7.339531183242797852e-02
-3.639290481805801392e-02
-4.763580113649368286e-02
-1.009466275572776794e-01
-2.844119817018508911e-02
-4.376930370926856995e-02
-2.318364381790161133e-02
-6.579000502824783325e-02
2.077458612620830536e-02
-1.923161745071411133e-01
-5.342486500740051270e-02
-2.520280517637729645e-02
-1.367605626583099365e-01
-1.249703839421272278e-01
3.061404451727867126e-02
8.801504038274288177e-03
-6.132301688194274902e-02
-1.834985241293907166e-02
-6.805695593357086182e-02
-2.247515600174665451e-03
4.904958233237266541e-02
-1.880765110254287720e-01
7.715528458356857300e-02
-5.192448571324348450e-02
-5.323596298694610596e-03
-1.076542120426893234e-02
-5.859508365392684937e-02
-7.430622726678848267e-02
-3.990203887224197388e-02
1.601794734597206116e-02
-1.337157636880874634e-01
-1.693730708211660385e-03
-1.094388291239738464e-01
6.309594959020614624e-02
-1.820097677409648895e-02
-2.525360323488712311e-02
-1.331435441970825195e-01
-6.961296498775482178e-02
-1.894173026084899902e-01
2.904815599322319031e-02
-4.442925006151199341e-02
-1.127119064331054688e-01
-2.261666767299175262e-02
-5.545783042907714844e-02
1.384220123291015625e-01
-5.898444727063179016e-02
5.639756564050912857e-04
-2.045521326363086700e-02
-7.989082485437393188e-02
-1.112813279032707214e-01
-4.674907773733139038e-03
-5.987507477402687073e-02
-4.806156735867261887e-03
-6.865191459655761719e-02
-2.370033040642738342e-02
-7.715199142694473267e-02
-1.136787533760070801e-01
-1.992339640855789185e-02
-8.693946152925491333e-02
-3.519553691148757935e-02
-6.985715776681900024e-02
1.299008261412382126e-02
-6.416796147823333740e-02
-1.145338565111160278e-01
4.284671321511268616e-02
-2.088572978973388672e-01
-4.244372621178627014e-02
-5.864743888378143311e-02
5.698865279555320740e-02
-4.517869651317596436e-02
-7.763224840164184570e-02
-8.590719848871231079e-02
1.175683829933404922e-02
-1.348159611225128174e-01
-2.064514160156250000e-02
-4.759753867983818054e-02
-3.784403577446937561e-02
-4.505760222673416138e-02
-4.081094264984130859e-02
-4.229950532317161560e-02
-8.062665909528732300e-02
-5.398831143975257874e-02
-1.661960482597351074e-01
-4.810820147395133972e-02
-1.880075037479400635e-02
-1.341643650084733963e-02
-4.790712147951126099e-02
