1.218467280268669128e-01
-1.587688177824020386e-01
-8.113304153084754944e-03
1.369568109512329102e-01
1.176232472062110901e-01
1.833102107048034668e-01
1.297881603240966797e-01
2.752641737461090088e-01
2.459912002086639404e-01
-3.337441943585872650e-03
1.214638445526361465e-02
2.498190151527523994e-03
2.140802331268787384e-02
-1.178320869803428650e-02
1.276215910911560059e-01
-2.196703851222991943e-01
1.586078107357025146e-01
-9.938184916973114014e-02
-1.492297798395156860e-01
-5.603982880711555481e-02
-1.073031499981880188e-01
1.264648437500000000e-01
-1.360925734043121338e-01
-1.461713165044784546e-01
1.558731943368911743e-01
1.422280520200729370e-01
-1.678753197193145752e-01
2.155725508928298950e-01
-1.233075261116027832e-01
-2.000920474529266357e-01
1.632317006587982178e-01
1.608437448740005493e-01
6.093122065067291260e-03
1.541704088449478149e-01
-1.456563323736190796e-01
-1.370415389537811279e-01
-7.070318609476089478e-02
7.947298884391784668e-02
-2.118861079216003418e-01
2.946388162672519684e-02
-2.496259985491633415e-03
8.610751479864120483e-03
1.568322926759719849e-01
1.139133889228105545e-02
8.708044886589050293e-02
-1.569543778896331787e-01
-4.554299637675285339e-03
-2.246838361024856567e-01
-1.274969279766082764e-01
1.709901243448257446e-01
9.819885343313217163e-02
-9.889824688434600830e-02
1.730394959449768066e-01
-1.197326257824897766e-01
-1.714705973863601685e-01
-1.279466450214385986e-01
1.936416327953338623e-01
1.370015442371368408e-01
2.156064510345458984e-01
-2.481546439230442047e-02
-8.375753462314605713e-02
-1.911178678274154663e-01
-1.501668691635131836e-01
-1.266740113496780396e-01
-1.136520877480506897e-01
8.628373593091964722e-02
-1.681423187255859375e-02
-1.322870403528213501e-01
-2.909149229526519775e-01
-4.224741458892822266e-01
-1.474871486425399780e-01
1.964706331491470337e-01
8.297321945428848267e-02
1.572852134704589844e-01
2.472257465124130249e-01
-2.297866344451904297e-01
1.684609800577163696e-02
1.484359800815582275e-01
1.857704371213912964e-01
3.552761673927307129e-02
-1.048998460173606873e-01
-7.225580047816038132e-03
1.850586980581283569e-01
-1.716982275247573853e-01
1.058274209499359131e-01
-4.354372620582580566e-02
-2.216189354658126831e-01
-1.146665215492248535e-01
-2.150410860776901245e-01
-2.597489655017852783e-01
1.820290982723236084e-01
-1.489148586988449097e-01
1.049366891384124756e-01
1.892615556716918945e-01
-1.620135903358459473e-01
2.062865197658538818e-01
-1.395094543695449829e-01
-1.229413598775863647e-01
1.239239424467086792e-01
2.217630855739116669e-02
1.816783696413040161e-01
-2.891124458983540535e-03
1.870870888233184814e-01
-7.115902751684188843e-02
-8.997301012277603149e-02
1.352940946817398071e-01
2.185123413801193237e-01
2.467648359015583992e-03
-1.018524467945098877e-01
1.297366712242364883e-02
-1.678917109966278076e-01
2.795360088348388672e-01
1.511777867563068867e-03
-1.003880351781845093e-01
6.585154682397842407e-02
-2.607933580875396729e-01
2.248621731996536255e-02
5.598531570285558701e-03
-1.237839534878730774e-01
-2.125586755573749542e-02
-1.590620875358581543e-01
1.751247048377990723e-01
1.297102123498916626e-01
-1.295285969972610474e-01
1.987593434751033783e-02
2.026385366916656494e-01
-2.356732040643692017e-01
-8.736151456832885742e-02
-1.043323352932929993e-01
-9.879914671182632446e-02
-2.443759590387344360e-01
1.089734509587287903e-01
1.739845145493745804e-03
-3.354079788550734520e-03
-2.192105725407600403e-02
2.814877592027187347e-02
-1.910096555948257446e-01
1.346285939216613770e-01
-8.721082657575607300e-02
7.466977089643478394e-02
1.769953966140747070e-01
1.305496394634246826e-01
-9.623046219348907471e-02
-1.035939380526542664e-01
-1.460900157690048218e-01
-7.197238504886627197e-02
1.354357600212097168e-01
-1.920725405216217041e-01
5.295457318425178528e-03
-1.513326317071914673e-01
1.918769180774688721e-01
1.677217036485671997e-01
1.588204354047775269e-01
2.227724492549896240e-01
1.325893849134445190e-01
-3.178536659106612206e-03
-1.543594431132078171e-02
1.374644935131072998e-01
2.212979644536972046e-01
1.810474842786788940e-01
1.061450168490409851e-01
-1.881584823131561279e-01
1.824980229139328003e-01
-1.199251040816307068e-01
-1.824461966753005981e-01
1.318162530660629272e-01
-1.873561292886734009e-01
9.754875302314758301e-02
-6.362836807966232300e-03
-2.779142856597900391e-01
4.634493030607700348e-03
2.777734072878956795e-03
-1.744217127561569214e-01
2.289878204464912415e-03
-2.416445640847086906e-03
-2.144091725349426270e-01
-2.054172009229660034e-01
-7.975600659847259521e-02
-9.502612799406051636e-02
1.321138441562652588e-01
1.758425086736679077e-01
1.138025596737861633e-01
8.836188912391662598e-02
1.023502647876739502e-01
1.691075265407562256e-01
-1.066917106509208679e-01
-8.381541818380355835e-03
1.653029769659042358e-01
9.888867288827896118e-02
6.758837401866912842e-02
-2.423349022865295410e-01
1.718805581331253052e-01
-2.851851880550384521e-01
1.436455696821212769e-01
8.876945823431015015e-02
-1.595659255981445312e-01
1.129103526473045349e-01
-4.214488435536623001e-03
2.811825573444366455e-01
1.584724485874176025e-01
1.409885585308074951e-01
-9.921996295452117920e-02
-1.361803710460662842e-01
1.478047370910644531e-01
-8.057015016674995422e-03
3.166123107075691223e-02
-5.294748581945896149e-03
1.687781512737274170e-01
1.456989496946334839e-01
1.979076303541660309e-02
8.234008401632308960e-02
2.533286344259977341e-03
-1.324719376862049103e-02
1.495219618082046509e-01
-1.567979529500007629e-02
2.512416243553161621e-01
6.898269988596439362e-03
-1.579948700964450836e-02
1.408577412366867065e-01
-1.681285798549652100e-01
7.126400247216224670e-03
-1.067290753126144409e-01
1.066264137625694275e-01
-2.280853837728500366e-01
-3.656146116554737091e-03
-1.390104144811630249e-01
-9.267516434192657471e-02
-2.084015458822250366e-01
-1.749105006456375122e-01
4.431931301951408386e-03
2.046411037445068359e-01
2.498302310705184937e-01
-1.309079378843307495e-01
-1.249471232295036316e-01
1.235287040472030640e-01
-1.229264736175537109e-01
-1.721874475479125977e-01
1.881367415189743042e-01
-1.475080288946628571e-02
1.139130964875221252e-01
1.929663717746734619e-01
-3.424885869026184082e-01
1.708192378282546997e-01
-3.213348332792520523e-03
-8.112613577395677567e-04
-1.010578870773315430e-02
1.247326564043760300e-02
-1.647645086050033569e-01
2.215056866407394409e-02
-2.981372177600860596e-02
1.452733646146953106e-03
1.587443947792053223e-01
3.475496917963027954e-02
-1.726218163967132568e-01
-1.176523864269256592e-01
-1.711065880954265594e-02
